Time	Charge	Current	CapacitorEnergy	InductorEnergy	TotalEnergy	DissipatedPower
0	0	0	0	0	0	0
5.02377286301916e-07	1.26189355705128e-11	5.02364667155029e-05	7.96187674663766e-20	1.26185129402892e-10	1.2618512948251e-10	2.52370258805783e-08
1.00475457260383e-06	5.04748970056794e-11	0.000100470409601632	1.27385761386697e-18	5.04715160275981e-10	5.04715161549839e-10	1.00943032055196e-07
1.50713185890575e-06	1.13566616390949e-10	0.000150701828658396	6.44868817924449e-18	1.13555205804922e-09	1.13555206449791e-09	2.27110411609844e-07
2.00950914520766e-06	2.0189282581178e-10	0.000200930723885811	2.03803565571329e-17	2.0186577900638e-09	2.01865781044416e-09	4.0373155801276e-07
4.52139557671724e-06	1.02199684644493e-09	0.000452037342583659	5.22238777071695e-16	1.02168879545048e-08	1.02168884767436e-08	2.04337759090097e-06
7.03328200822682e-06	2.47277293079269e-09	0.00070308086555384	3.05730298363053e-15	2.47161351753968e-08	2.47161382326998e-08	4.94322703507937e-06
9.5451684397364e-06	4.55406258956098e-09	0.000954061292805506	1.03697430348194e-14	4.55116475214857e-08	4.55116578912287e-08	9.10232950429714e-06
1.2057054871246e-05	7.26570733349177e-09	0.00120497862435179	2.6395251527978e-14	7.25986742572368e-08	7.25987006524883e-08	1.45197348514474e-05
2.46164870287939e-05	3.02737102213243e-08	0.00245861884723928	4.58248765282358e-13	3.02240331800009e-07	3.02240790048774e-07	6.04480663600018e-05
3.71759191863418e-05	6.90168168754634e-08	0.00371068168174843	2.38166050581063e-12	6.88457927163167e-07	6.88460308823673e-07	0.000137691585432633
4.97353513438897e-05	1.23475216221476e-07	0.00496116713399108	7.62306451047014e-12	1.23065896656966e-06	1.23066658963417e-06	0.000246131793313933
6.22947835014376e-05	1.93629097302368e-07	0.00621007521255549	1.8746113661065e-11	1.92825170727981e-06	1.92827045339347e-06	0.000385650341455961
0.000125091944289177	7.79137392097088e-07	0.0124309554703218	3.03527537881925e-10	7.72643269525622e-06	7.7267362227941e-06	0.00154528653905124
0.000187889105076917	1.75406117030111e-06	0.0186124040966599	1.53836529457905e-09	1.73210793128681e-05	1.73226176781627e-05	0.00346421586257363
0.000250686265864656	3.11592432449121e-06	0.0247544249377934	4.85449219797801e-09	3.06390777000425e-05	3.06439321922405e-05	0.0061278155400085
0.000313483426652396	4.8622511165329e-06	0.0308570233580235	1.18207429601127e-08	4.76077945258803e-05	4.76196152688404e-05	0.00952155890517606
0.000627469230591093	1.92743408697271e-05	0.060778961228109	1.85750107981217e-07	0.000184704106398399	0.00018488985650638	0.0369408212796798
0.000941455034529791	4.29269177085481e-05	0.0897170109283838	9.21360131978232e-07	0.000402457102496187	0.000403378462628165	0.0804914204992373
0.00125544083846849	7.5511302114344e-05	0.117673509411649	2.85097837350187e-06	0.000692352740862674	0.000695203719236176	0.138470548172535
0.00156942664240719	0.000116719957573554	0.144651649839781	6.81177424798611e-06	0.00104620499006853	0.00105301676431652	0.209240998013706
0.00288121549962995	0.000375545224026531	0.246870559109509	7.05171076445685e-05	0.00304725364775207	0.00311777075539664	0.609450729550414
0.00419300435685271	0.000757481800836524	0.33255286660844	0.000286889339299272	0.00552957045447455	0.00581645979377382	1.10591409089491
0.00550479321407547	0.00124105264264753	0.40236308389764	0.000770105830911209	0.00809480256418098	0.00886490839509219	1.6189605128362
0.00681658207129823	0.00180621339897189	0.457110482250231	0.0016312034213128	0.0104474996491519	0.0120787030704647	2.08949992983039
0.00828306910731075	0.0025114895853477	0.501647316209238	0.00315378996865499	0.0125825014929966	0.0157362914616516	2.51650029859931
0.00974955614332328	0.00327003693940483	0.530101086906961	0.00534657079253606	0.0140503581169971	0.0193969289095331	2.81007162339941
0.0112160431793358	0.00405920484137781	0.544121209532047	0.00823857197213253	0.0148033945331309	0.0230419665052634	2.96067890662618
0.0126825302153483	0.00485931787030625	0.545365147330995	0.0118064850823388	0.0148711571961679	0.0266776422785067	2.97423143923358
0.0145619333325624	0.00587362664337243	0.530932372488292	0.0172497449728672	0.0140944592078023	0.0313442041806696	2.81889184156047
0.0164413364497766	0.00684658064293337	0.501944123951123	0.023437833250095	0.012597395178453	0.036035228428548	2.5194790356906
0.0183207395669907	0.00775354183992638	0.461907152602169	0.0300587055317444	0.0106679108812522	0.0407266164129966	2.13358217625044
0.0202001426842048	0.00857712230749181	0.413911547585202	0.0367835135388369	0.00856613846121885	0.0453496520000557	1.71322769224377
0.0221971088780649	0.00934774563508531	0.357312519634589	0.0436901742291282	0.00638361183438093	0.0500737860635092	1.27672236687619
0.024194075071925	0.0100024245843323	0.298095864441095	0.0500242487826279	0.00444305721984417	0.0544673060024721	0.888611443968835
0.0261910412657851	0.0105385599736475	0.238938292144135	0.0555306231590829	0.00285457537263781	0.0583851985317207	0.570915074527562
0.0281880074596453	0.0109581996419615	0.181894003531922	0.0600410696965421	0.00165427142604354	0.0616953411225857	0.330854285208708
0.0304380083534978	0.0112984829192247	0.122134793205343	0.0638278581380062	0.0007458453855656	0.0645737035235718	0.14916907711312
0.0326880092473503	0.0115117233344784	0.0689044381440144	0.066259887064787	0.000237391079797115	0.0664972781445841	0.047478215959423
0.0349380101412028	0.0116145307541923	0.0233318354963708	0.0674486623200394	2.72187273814854e-05	0.0674758810474209	0.00544374547629708
0.0371880110350554	0.0116238336844019	-0.0141008029786572	0.0675567547613182	9.9416322321454e-06	0.0675666963935503	0.00198832644642908
0.0390451469548074	0.01157359981629	-0.0388478882392883	0.0669741063538137	7.54579210326116e-05	0.0670495642748463	0.0150915842065223
0.0409022828745594	0.0114825407379308	-0.0581850944044729	0.0659243708991204	0.000169275260542871	0.0660936461596633	0.0338550521085742
0.0427594187943114	0.011360660110632	-0.07243229715307	0.0645322990746525	0.000262321883543532	0.0647946209581961	0.0524643767087063
0.0446165547140634	0.0112167631896606	-0.081991620865866	0.0629078882264631	0.000336131294610595	0.0632440195210736	0.0672262589221191
0.0464736906338153	0.0110588111852381	-0.0873390464888226	0.0611486524153737	0.000381405452078836	0.0615300578674526	0.0762810904157671
0.0483308265535673	0.0108944198068961	-0.0890424705481351	0.0593441914644451	0.000396428078065775	0.0597406195425109	0.079285615613155
0.0501879624733193	0.0107299717772526	-0.0876799492609194	0.0575661471703184	0.00038438867511987	0.0579505358454383	0.076877735023974
0.0520450983930713	0.0105705091828128	-0.0837980347636702	0.0558678321919652	0.000351105531512664	0.0562189377234779	0.0702211063025327
0.0539151921446663	0.0104190435253971	-0.0778791417411466	0.0542782339920599	0.00030325803591688	0.0545814920279768	0.060651607183376
0.0557852858962613	0.0102800851690674	-0.0704951111671763	0.0528400755416397	0.000248478034923627	0.0530885535765633	0.0496956069847255
0.0576553796478563	0.0101559598235013	-0.0621417645571363	0.0515717599682864	0.000193079945113728	0.0517648399134001	0.0386159890227456
0.0595254733994513	0.0100480576376087	-0.0532385679557972	0.0504817311443528	0.000141717255899202	0.050623448400252	0.0283434511798404
0.0616162932154207	0.00994742168517366	-0.0430776187075765	0.0494755990913316	9.27840616757674e-05	0.0495683831530073	0.0185568123351535
0.06370711303139	0.00986782476920103	-0.0331418484771702	0.0486869828378287	5.49191060241853e-05	0.0487419019438528	0.0109838212048371
0.0657979328473593	0.00980839042666503	-0.0237897460766427	0.0481022613809471	2.82976009195569e-05	0.0481305589818667	0.00565952018391139
0.0678887526633286	0.0097677007059308	-0.015269337073791	0.0477039885403205	1.16576327336524e-05	0.0477156461730542	0.00233152654673048
0.0703270586026263	0.0097415039578922	-0.00660563729893035	0.0474484496808147	2.18172220625099e-06	0.047450631403021	0.000436344441250198
0.0727653645419239	0.00973451892556043	0.000530479174966954	0.0473804293560471	1.4070407753681e-08	0.0473804434264548	2.81408155073621e-06
0.0752036704812215	0.00974277251924737	0.00609177304880541	0.0474608081809009	1.8554849439076e-06	0.0474626636658448	0.00037109698878152
0.0776419764205192	0.00976270903388402	0.0101287889453233	0.0476552438401403	5.12961827494515e-06	0.0476603734584153	0.00102592365498903
0.0797266068556571	0.0097864731778808	0.0124604554146359	0.0478875286306902	7.7631474570065e-06	0.0478952917781472	0.0015526294914013
0.0818112372907949	0.00981410214450892	0.0138673250340159	0.0481583004514272	9.61513517995223e-06	0.0481679155866072	0.00192302703599045
0.0838958677259328	0.00984373266683152	0.0144724525582137	0.048449536408023	1.04725941524873e-05	0.0484600090021755	0.00209451883049746
0.0859804981610706	0.00987388492589449	0.0143985792100873	0.0487468017649032	1.03659541634579e-05	0.0487571677190666	0.00207319083269157
0.0878258422451142	0.00990003121043663	0.0138673736306492	0.0490053089838097	9.61520257060127e-06	0.0490149241863803	0.00192304051412025
0.0896711863291579	0.00992487053300256	0.0129961052297588	0.0492515275484312	8.44493755714817e-06	0.0492599724859884	0.00168898751142963
0.0915165304132014	0.0099478428023051	0.0118710015315122	0.0494797882096867	7.04603386805819e-06	0.0494868342435547	0.00140920677361164
0.093361874497245	0.00996855886893929	0.0105676683665003	0.0496860829617541	5.58378073521655e-06	0.0496916667424893	0.00111675614704331
0.0953821913324605	0.00998835247294025	0.00901638303670338	0.0498835925618458	4.06475815322763e-06	0.049887657319999	0.000812951630645525
0.0974025081676759	0.0100049558600981	0.00741704985436558	0.0500495708812561	2.75063142710723e-06	0.0500523215126832	0.000550126285421445
0.0994228250028913	0.0100183421142822	0.00583922289266947	0.0501835893593997	1.70482619951376e-06	0.0501852941855992	0.000340965239902752
0.101443141838107	0.0100286031276377	0.00433532284285437	0.0502864403458324	9.39751207588745e-07	0.05028738009704	0.000187950241517749
0.103720617517378	0.0100366518626866	0.0027781740204116	0.0503671903063853	3.85912544384496e-07	0.0503675762189297	7.71825088768993e-05
0.105998093196648	0.0100413722280437	0.00140989240363883	0.0504145781110636	9.93898294919233e-08	0.0504146775008931	1.98779658983847e-05
0.108275568875919	0.0100432429540877	0.000256197216831522	0.0504333645174158	3.2818506956109e-09	0.0504333677992664	6.56370139122179e-07
0.11055304455519	0.0100427383886025	-0.000674075681372377	0.0504282971709557	2.27189012108817e-08	0.0504283198898569	4.54378024217635e-06
0.112399837594903	0.010040919232969	-0.00126652410689041	0.0504100295215035	8.0204165666727e-08	0.0504101097256692	1.60408331333454e-05
0.114246630634616	0.0100381373491969	-0.00171983767409377	0.0503821007206713	1.47892081261614e-07	0.0503822486127525	2.95784162523228e-05
0.116093423674329	0.0100346470845144	-0.00204368107607866	0.0503470710553768	2.08831617036101e-07	0.0503472798869939	4.17663234072201e-05
0.117940216714043	0.0100306702626363	-0.00224946164875372	0.0503071729588677	2.53003885460691e-07	0.0503074259627531	5.06007770921382e-05
0.119787009753756	0.010026405421598	-0.00235020031700005	0.0502644028391252	2.76172076501357e-07	0.0502646790112017	5.52344153002714e-05
0.121633802793469	0.0100220402506253	-0.00236105786627832	0.050220645392577	2.78729712395737e-07	0.0502209241222894	5.57459424791474e-05
0.123480595833182	0.0100177303427741	-0.00229720968239911	0.0501774606102688	2.63858616245411e-07	0.050177724468885	5.27717232490823e-05
0.125327388872895	0.0100135972046887	-0.00217283285373715	0.0501360644888749	2.36060130513977e-07	0.0501363005490054	4.72120261027954e-05
0.127215392002103	0.0100096537513125	-0.00199723273419618	0.0500965841105825	1.99446929727238e-07	0.0500967835575123	3.98893859454477e-05
0.12910339513131	0.010006076075514	-0.00178721776744685	0.0500607792144873	1.59707367413886e-07	0.0500609389218547	3.19414734827772e-05
0.130991398260518	0.0100029180173792	-0.00155580710985887	0.050029184431205	1.21026788154371e-07	0.0500293054579931	2.42053576308742e-05
0.132879401389725	0.0100002090960236	-0.00131387150002361	0.0500020909820968	8.63129159287142e-08	0.0500021772950127	1.72625831857428e-05
0.134992147932336	0.00999772281483806	-0.00104202950669206	0.0499772307411668	5.42912746408452e-08	0.0499772850324414	1.0858254928169e-05
0.137104894474947	0.0099958009042051	-0.000780215986332916	0.0499580178582537	3.04368492664722e-08	0.049958048295103	6.08736985329445e-06
0.139217641017557	0.00999441171988323	-0.000537281940410701	0.0499441328132697	1.44335941745744e-08	0.0499441472468638	2.88671883491488e-06
0.141330387560168	0.00999351106933802	-0.000319135098009459	0.0499351317464908	5.09236053907533e-09	0.0499351368388513	1.01847210781507e-06
0.143847319119153	0.00999300205992851	-9.68186780076621e-05	0.0499300450848677	4.68692820557567e-10	0.0499300455535605	9.37385641115135e-08
0.146364250678138	0.00999299539367901	8.14325295987033e-05	0.0499299784690449	3.31562843842184e-10	0.0499299788006078	6.63125687684368e-08
0.148881182237122	0.00999337381741155	0.000215441539401219	0.0499337601272634	2.32075284497835e-09	0.0499337624480162	4.64150568995671e-07
0.151398113796107	0.0099940359812185	0.000307607235653203	0.049940377596945	4.73111057131026e-09	0.0499403823280556	9.46222114262052e-07
0.153826133704037	0.00999485669184262	0.000360674771774576	0.0499485801452356	6.50431454973214e-09	0.0499485866495501	1.30086290994643e-06
0.156254153611966	0.00999576796855334	0.000383556424773972	0.0499576886405785	7.35577654926959e-09	0.0499576959963551	1.47115530985392e-06
0.158682173519895	0.00999669949459316	0.000381819734217751	0.0499670003925996	7.2893154719057e-09	0.0499670076819151	1.45786309438114e-06
0.161110193427825	0.00999760140188315	0.000360617879975966	0.0499760168954679	6.50226276791801e-09	0.0499760233977307	1.3004525535836e-06
0.16334987109446	0.00999837486591172	0.000328111441450232	0.0499837499796476	5.38285590052744e-09	0.0499837553625035	1.07657118010549e-06
0.165589548761096	0.00999906583264411	0.000287463409404789	0.0499906587627754	4.13176058733127e-09	0.049990662894536	8.26352117466255e-07
0.167829226427731	0.00999965939633896	0.000242260213367395	0.049996594021395	2.9345005490408e-09	0.0499965969558955	5.8690010980816e-07
0.170068904094367	0.0100001489563919	0.000195311281285992	0.0500014895750128	1.90732482987879e-09	0.0500014914823376	3.81464965975759e-07
0.172608495787828	0.0100005771782144	0.000142835003036111	0.0500057719487111	1.0200919046163e-09	0.050005772968803	2.04018380923259e-07
0.17514808748129	0.0100008767607731	9.40469487298051e-05	0.050008767992086	4.42241428269329e-10	0.0500087684343274	8.84482856538658e-08
0.177687679174751	0.0100010601331654	5.10019989524922e-05	0.0500106018935951	1.30060194857501e-10	0.0500106020236553	2.60120389715002e-08
0.180227270868213	0.0100011424188053	1.47492138407133e-05	0.0500114248406132	1.08769654459545e-11	0.0500114248514902	2.1753930891909e-09
0.183720962930513	0.010001118613315	-2.32136726842395e-05	0.0500111867587981	2.69437299745503e-11	0.0500111867857418	5.38874599491007e-09
0.187214654992814	0.0100009877279003	-4.75816350038803e-05	0.0500098777668057	1.13200599482124e-10	0.0500098778800063	2.26401198964249e-08
0.190708347055114	0.0100008006522015	-5.98883133360983e-05	0.0500080068425366	1.79330503712134e-10	0.0500080070218671	3.58661007424269e-08
0.194202039117415	0.0100005889497558	-6.24915310310306e-05	0.0500058896709887	1.95259572530113e-10	0.0500058898662482	3.90519145060226e-08
0.197558207575847	0.0100003833926892	-5.8160092336843e-05	0.0500038340003869	1.69129817031505e-10	0.0500038341695167	3.38259634063011e-08
0.200914376034279	0.010000200238551	-4.95555706165773e-05	0.0500020024055577	1.22787728956729e-10	0.0500020025283454	2.45575457913458e-08
0.204270544492712	0.0100000524930823	-3.8965149229108e-05	0.0500005249322011	7.59141427223329e-11	0.0500005250081152	1.51828285444666e-08
0.207626712951144	0.00999994239731085	-2.77742590093048e-05	0.0499994239747676	3.85704731757974e-11	0.049999424013338	7.71409463515948e-09
0.210982956148458	0.00999986804913758	-1.69473567155481e-05	0.0499986805000813	1.43606449822017e-11	0.0499986805144419	2.87212899644035e-09
0.214339199345772	0.00999982744581812	-7.60801924028404e-06	0.0499982744730687	2.89409783802661e-12	0.0499982744759628	5.78819567605321e-10
0.217695442543086	0.00999981441281282	-3.10823140222398e-07	0.0499981441453495	4.83055122488562e-15	0.0499981441453543	9.66110244977125e-13
0.221051685740399	0.00999982252913313	4.91294594301994e-06	0.0499982253070793	1.20685189195181e-12	0.0499982253082861	2.41370378390361e-10
0.226077438671893	0.00999986506875165	9.06839037900912e-06	0.0499986506966197	4.11178520330526e-12	0.0499986507007315	8.22357040661052e-10
0.231103191603387	0.00999991791910025	9.7068738899542e-06	0.0499991791943711	4.71117003577373e-12	0.0499991791990823	9.42234007154746e-10
0.236128944534881	0.00999995933504588	8.26002382387467e-06	0.0499995933512857	3.41139967854886e-12	0.0499995933546971	6.82279935709771e-10
0.241154697466375	0.00999998934994877	5.92351540076318e-06	0.0499998934995444	1.75440173515393e-12	0.0499998935012988	3.50880347030786e-10
0.245763180050793	0.0100000114480585	3.56206239288422e-06	0.0500001144806502	6.34414424540004e-13	0.0500001144812846	1.26882884908001e-10
0.250371662635211	0.0100000233121504	1.47503005272093e-06	0.0500002331217753	1.08785682821496e-13	0.0500002331218841	2.17571365642991e-11
0.254980145219629	0.0100000264528115	5.9400703136238e-08	0.0500002645284645	1.76422176653974e-16	0.0500002645284646	3.52844353307947e-14
0.259588627804047	0.010000024061549	-7.97042936158017e-07	0.0500002406157792	3.17638721039696e-14	0.050000240615811	6.35277442079392e-12
0.265337163484461	0.0100000159900883	-1.30392550160764e-06	0.0500001599010108	8.50110856871371e-14	0.0500001599010958	1.70022171374274e-11
0.271085699164876	0.0100000071609309	-1.22823885695706e-06	0.0500000716093345	7.54285344869595e-14	0.0500000716094099	1.50857068973919e-11
0.27683423484529	0.0100000022967942	-8.90793277300741e-07	0.0500000229679451	3.96756331442098e-14	0.0500000229679847	7.93512662884195e-12
0.282582770525704	0.00999999997422231	-5.32799743716523e-07	0.0499999997422231	1.41937783452196e-14	0.0499999997422373	2.83875566904392e-12
0.289391957373576	0.00999999743667558	-9.13517955641808e-08	0.0499999743667591	4.17257527639994e-16	0.0499999743667595	8.34515055279989e-14
0.296201144221449	0.00999999723179175	1.79021094985926e-07	0.0499999723179214	1.602427622498e-15	0.049999972317923	3.20485524499599e-13
0.303010331069321	0.00999999864149318	1.14668673601739e-07	0.0499999864149327	6.57445235279105e-16	0.0499999864149333	1.31489047055821e-13
0.309819517917194	0.00999999968648464	-1.65119538648805e-08	0.0499999968648464	1.36322310217971e-17	0.0499999968648464	2.72644620435942e-15
0.318538599753376	0.00999999986356302	3.53340685960557e-08	0.0499999986356302	6.24248201775386e-17	0.0499999986356302	1.24849640355077e-14
0.327257681589558	0.0100000001890324	4.0070114093814e-08	0.0500000018903239	8.02807021745636e-17	0.0500000018903239	1.60561404349127e-14
0.33597676342574	0.0100000002189362	-1.90215585050071e-08	0.0500000021893623	1.80909843979703e-17	0.0500000021893623	3.61819687959407e-15
0.344695845261923	0.00999999990478383	-4.62752434146903e-08	0.0499999990478383	1.07069907654442e-16	0.0499999990478384	2.14139815308884e-14
0.357195845261923	0.00999999827720778	4.93555919873839e-07	0.0499999827720793	1.21798723021256e-14	0.0499999827720914	2.43597446042511e-12
0.369695845261923	0.0099999996670857	5.76490482356261e-07	0.0499999966708571	1.66170638123677e-14	0.0499999966708737	3.32341276247354e-12
0.382195845261923	0.0100000043208311	-3.63005695157795e-07	0.0500000432083206	6.58865673584969e-15	0.0500000432083272	1.31773134716994e-12
0.394695845261923	0.010000002581959	-8.50378718339412e-07	0.050000025819593	3.6157198230229e-14	0.0500000258196292	7.23143964604581e-12
0.401549974871884	0.00999999756786322	-2.61997162740161e-07	0.0499999756786351	3.43212566419471e-15	0.0499999756786386	6.86425132838942e-13
0.408404104481844	0.00999999603305136	1.62478486145996e-07	0.0499999603305214	1.31996292301472e-15	0.0499999603305227	2.63992584602945e-13
0.415258234091805	0.00999999800444965	1.17569474549988e-07	0.0499999800444985	6.91129067298015e-16	0.0499999800444992	1.38225813459603e-13
0.422112363701766	0.00999999984435912	-5.17290456236086e-08	0.0499999984435912	1.33794708056469e-16	0.0499999984435913	2.67589416112938e-14
0.428966493311727	0.0099999996508979	-8.8641801239002e-10	0.049999996508979	3.92868446344737e-20	0.049999996508979	7.85736892689474e-18
0.435820622921688	0.009999999705635	2.60818312167311e-08	0.0499999970563501	3.40130959809023e-17	0.0499999970563501	6.80261919618046e-15
0.442674752531649	0.00999999986863224	1.4792833313953e-08	0.0499999986863224	1.09413958727199e-17	0.0499999986863224	2.18827917454398e-15
0.44952888214161	0.00999999996135586	-1.68851529131509e-09	0.0499999996135586	1.42554194450244e-19	0.0499999996135586	2.85108388900488e-17
0.462146661606207	0.0100000001180582	3.69157112000912e-08	0.0500000011805818	6.81384866704268e-17	0.0500000011805819	1.36276973340854e-14
0.474764441070805	0.0100000003316511	3.22038317023765e-08	0.0500000033165109	5.18543388157495e-17	0.050000003316511	1.03708677631499e-14
0.487382220535402	0.0100000002687484	-4.70928977419302e-08	0.0500000026874836	1.10887050886595e-16	0.0500000026874837	2.21774101773189e-14
0.5	0.00999999974969811	-6.09120149618639e-08	0.0499999974969811	1.85513678335716e-16	0.0499999974969813	3.71027356671433e-14
